sample number, Q11~Q0
sample number, Q11~Q0
0, 001011010111 , 
1, 001011001110 , 
2, 001011000100 , 
3, 001010111011 , 
4, 001010110001 , 
5, 001010100111 , 
6, 001010011101 , 
7, 001010010100 , 
8, 001010001010 , 
9, 001010000000 , 
10, 001001110111 , 
11, 001001101101 , 
12, 001001100011 , 
13, 001001011001 , 
14, 001001010000 , 
15, 001001000110 , 
16, 001000111100 , 
17, 001000110010 , 
18, 001000101001 , 
19, 001000011111 , 
20, 001000010101 , 
21, 001000001011 , 
22, 010110000101 , 
23, 010101111011 , 
24, 010101110010 , 
25, 010101101000 , 
26, 010101011111 , 
27, 010101010101 , 
28, 010101001011 , 
29, 010101000010 , 
30, 010100111000 , 
31, 010100101110 , 
32, 010100100101 , 
33, 010100011011 , 
34, 010100010001 , 
35, 010100001000 , 
36, 010011111110 , 
37, 010011110100 , 
38, 010011101011 , 
39, 010011100001 , 
40, 010011010111 , 
41, 010011001110 , 
42, 010011000100 , 
43, 010010111011 , 
44, 010010110001 , 
45, 010010100111 , 
46, 010010011101 , 
47, 010010010100 , 
48, 010010001010 , 
49, 010010000000 , 
50, 010001110110 , 
51, 010001101101 , 
52, 010001100011 , 
53, 010001011001 , 
54, 010001010000 , 
55, 010001000110 , 
56, 010000111100 , 
57, 010000110010 , 
58, 010000101000 , 
59, 010000011111 , 
60, 010000010101 , 
61, 010000001011 , 
62, 011110000101 , 
63, 011101111011 , 
64, 011101110010 , 
65, 011101101000 , 
66, 011101011111 , 
67, 011101010101 , 
68, 011101001011 , 
69, 011101000010 , 
70, 011100111000 , 
71, 011100101111 , 
72, 011100100101 , 
73, 011100011011 , 
74, 011100010001 , 
75, 011100001000 , 
76, 011011111110 , 
77, 011011110101 , 
78, 011011101011 , 
79, 011011100001 , 
80, 011011011000 , 
81, 011011001110 , 
82, 011011000100 , 
83, 011010111010 , 
84, 011010110001 , 
85, 011010100111 , 
86, 011010011101 , 
87, 011010010100 , 
88, 011010001010 , 
89, 011010000000 , 
90, 011001110110 , 
91, 011001101101 , 
92, 011001100011 , 
93, 011001011001 , 
94, 011001010000 , 
95, 011001000110 , 
96, 011000111100 , 
97, 011000110010 , 
98, 011000101000 , 
99, 011000011111 , 
100, 011000010101 , 
101, 011000001011 , 
102, 100110000101 , 
103, 100101111011 , 
104, 100101110010 , 
105, 100101101000 , 
106, 100101011111 , 
107, 100101010101 , 
108, 100101001011 , 
109, 100101000010 , 
110, 100100111000 , 
111, 100100101110 , 
112, 100100100101 , 
113, 100100011011 , 
114, 100100010001 , 
115, 100100001000 , 
116, 100011111110 , 
117, 100011110100 , 
118, 100011101011 , 
119, 100011100001 , 
120, 100011010111 , 
121, 100011001110 , 
122, 100011000100 , 
123, 100010111010 , 
124, 100010110001 , 
125, 100010100111 , 
126, 100010011101 , 
127, 100010010100 , 
128, 100010001010 , 
129, 100010000000 , 
130, 100001110110 , 
131, 100001101101 , 
132, 100001100011 , 
133, 100001011001 , 
134, 100001001111 , 
135, 100001000110 , 
136, 100000111100 , 
137, 100000110010 , 
138, 100000101000 , 
139, 100000011111 , 
140, 100000010101 , 
141, 100000001011 , 
142, 101110000101 , 
143, 101101111011 , 
144, 101101110001 , 
145, 101101101000 , 
146, 101101011110 , 
147, 101101010101 , 
148, 101101001011 , 
149, 101101000001 , 
150, 101100111000 , 
151, 101100101110 , 
152, 101100100101 , 
153, 101100011011 , 
154, 101100010001 , 
155, 101100001000 , 
156, 101011111110 , 
157, 101011110100 , 
158, 101011101011 , 
159, 101011100001 , 
160, 101011010111 , 
161, 101011001110 , 
162, 101011000100 , 
163, 101010111010 , 
164, 101010110001 , 
165, 101010100111 , 
166, 101010011101 , 
167, 101010010011 , 
168, 101010001010 , 
169, 101010000000 , 
170, 101001110110 , 
171, 101001101101 , 
172, 101001100011 , 
173, 101001011001 , 
174, 101001001111 , 
175, 101001000110 , 
176, 101000111100 , 
177, 101000110010 , 
178, 101000101000 , 
179, 101000011111 , 
180, 101000010101 , 
181, 101000001011 , 
182, 110110000101 , 
183, 110101111011 , 
184, 110101110001 , 
185, 110101101000 , 
186, 110101011110 , 
187, 110101010101 , 
188, 110101001011 , 
189, 110101000001 , 
190, 110100111000 , 
191, 110100101110 , 
192, 110100100101 , 
193, 110100011011 , 
194, 110100010001 , 
195, 110100001000 , 
196, 110011111110 , 
197, 110011110100 , 
198, 110011101011 , 
199, 110011100001 , 
200, 110011010111 , 
201, 110011001110 , 
202, 110011000100 , 
203, 110010111010 , 
204, 110010110001 , 
205, 110010100111 , 
206, 110010011101 , 
207, 110010010011 , 
208, 110010001010 , 
209, 110010000000 , 
210, 110001110110 , 
211, 110001101101 , 
212, 110001100011 , 
213, 110001011001 , 
214, 110001001111 , 
215, 110001000110 , 
216, 110000111100 , 
217, 110000110010 , 
218, 110000101000 , 
219, 110000011111 , 
220, 110000010101 , 
221, 110000001011 , 
222, 111110000101 , 
223, 111101111011 , 
224, 111101110001 , 
225, 111101101000 , 
226, 111101011110 , 
227, 111101010101 , 
228, 111101001011 , 
229, 111101000001 , 
230, 111100111000 , 
231, 111100101110 , 
232, 111100100101 , 
233, 111100011011 , 
234, 111100010001 , 
235, 111100001000 , 
236, 111011111110 , 
237, 111011110100 , 
238, 111011101011 , 
239, 111011100001 , 
240, 111011010111 , 
241, 111011001110 , 
242, 111011000100 , 
243, 111010111010 , 
244, 111010110001 , 
245, 111010100111 , 
246, 111010011101 , 
247, 111010010011 , 
248, 111010001010 , 
249, 111010000000 , 
250, 111001110110 , 
251, 111001101101 , 
252, 111001100011 , 
253, 111001011001 , 
