sample number, VIN1+(V), VIN1-(V)
sample number, VIN1+(V), VIN1-(V)
0, 3.500000,  0.9 
1, 3.500000,  0.904942 
2, 3.500000,  0.91002 
3, 3.500000,  0.915098 
4, 3.500000,  0.920176 
5, 3.500000,  0.925254 
6, 3.500000,  0.930333 
7, 3.500000,  0.935411 
8, 3.500000,  0.940489 
9, 3.500000,  0.945567 
10, 3.500000,  0.950645 
11, 3.500000,  0.955723 
12, 3.500000,  0.960801 
13, 3.500000,  0.965879 
14, 3.500000,  0.970958 
15, 3.500000,  0.976036 
16, 3.500000,  0.981114 
17, 3.500000,  0.986192 
18, 3.500000,  0.99127 
19, 3.500000,  0.996348 
20, 3.500000,  1.00143 
21, 3.500000,  1.0065 
22, 3.500000,  1.01158 
23, 3.500000,  1.01666 
24, 3.500000,  1.02174 
25, 3.500000,  1.02682 
26, 3.500000,  1.0319 
27, 3.500000,  1.03697 
28, 3.500000,  1.04205 
29, 3.500000,  1.04713 
30, 3.500000,  1.05221 
31, 3.500000,  1.05729 
32, 3.500000,  1.06236 
33, 3.500000,  1.06744 
34, 3.500000,  1.07252 
35, 3.500000,  1.0776 
36, 3.500000,  1.08268 
37, 3.500000,  1.08775 
38, 3.500000,  1.09283 
39, 3.500000,  1.09791 
40, 3.500000,  1.10299 
41, 3.500000,  1.10807 
42, 3.500000,  1.11315 
43, 3.500000,  1.11822 
44, 3.500000,  1.1233 
45, 3.500000,  1.12838 
46, 3.500000,  1.13346 
47, 3.500000,  1.13854 
48, 3.500000,  1.14361 
49, 3.500000,  1.14869 
50, 3.500000,  1.15377 
51, 3.500000,  1.15885 
52, 3.500000,  1.16393 
53, 3.500000,  1.169 
54, 3.500000,  1.17408 
55, 3.500000,  1.17916 
56, 3.500000,  1.18424 
57, 3.500000,  1.18932 
58, 3.500000,  1.1944 
59, 3.500000,  1.19947 
60, 3.500000,  1.20455 
61, 3.500000,  1.20963 
62, 3.500000,  1.21471 
63, 3.500000,  1.21979 
64, 3.500000,  1.22486 
65, 3.500000,  1.22994 
66, 3.500000,  1.23502 
67, 3.500000,  1.2401 
68, 3.500000,  1.24518 
69, 3.500000,  1.25025 
70, 3.500000,  1.25533 
71, 3.500000,  1.26041 
72, 3.500000,  1.26549 
73, 3.500000,  1.27057 
74, 3.500000,  1.27565 
75, 3.500000,  1.28072 
76, 3.500000,  1.2858 
77, 3.500000,  1.29088 
78, 3.500000,  1.29596 
79, 3.500000,  1.30104 
80, 3.500000,  1.30611 
81, 3.500000,  1.31119 
82, 3.500000,  1.31627 
83, 3.500000,  1.32135 
84, 3.500000,  1.32643 
85, 3.500000,  1.3315 
86, 3.500000,  1.33658 
87, 3.500000,  1.34166 
88, 3.500000,  1.34674 
89, 3.500000,  1.35182 
90, 3.500000,  1.3569 
91, 3.500000,  1.36197 
92, 3.500000,  1.36705 
93, 3.500000,  1.37213 
94, 3.500000,  1.37721 
95, 3.500000,  1.38229 
96, 3.500000,  1.38736 
97, 3.500000,  1.39244 
98, 3.500000,  1.39752 
99, 3.500000,  1.4026 
100, 3.500000,  1.40768 
101, 3.500000,  1.41275 
102, 3.500000,  1.41783 
103, 3.500000,  1.42291 
104, 3.500000,  1.42799 
105, 3.500000,  1.43307 
106, 3.500000,  1.43815 
107, 3.500000,  1.44322 
108, 3.500000,  1.4483 
109, 3.500000,  1.45338 
110, 3.500000,  1.45846 
111, 3.500000,  1.46354 
112, 3.500000,  1.46861 
113, 3.500000,  1.47369 
114, 3.500000,  1.47877 
115, 3.500000,  1.48385 
116, 3.500000,  1.48893 
117, 3.500000,  1.494 
118, 3.500000,  1.49908 
119, 3.500000,  1.50416 
120, 3.500000,  1.50924 
121, 3.500000,  1.51432 
122, 3.500000,  1.5194 
123, 3.500000,  1.52447 
124, 3.500000,  1.52955 
125, 3.500000,  1.53463 
126, 3.500000,  1.53971 
127, 3.500000,  1.54479 
128, 3.500000,  1.54986 
129, 3.500000,  1.55494 
130, 3.500000,  1.56002 
131, 3.500000,  1.5651 
132, 3.500000,  1.57018 
133, 3.500000,  1.57525 
134, 3.500000,  1.58033 
135, 3.500000,  1.58541 
136, 3.500000,  1.59049 
137, 3.500000,  1.59557 
138, 3.500000,  1.60065 
139, 3.500000,  1.60572 
140, 3.500000,  1.6108 
141, 3.500000,  1.61588 
142, 3.500000,  1.62096 
143, 3.500000,  1.62604 
144, 3.500000,  1.63111 
145, 3.500000,  1.63619 
146, 3.500000,  1.64127 
147, 3.500000,  1.64635 
148, 3.500000,  1.65143 
149, 3.500000,  1.6565 
150, 3.500000,  1.66158 
151, 3.500000,  1.66666 
152, 3.500000,  1.67174 
153, 3.500000,  1.67682 
154, 3.500000,  1.6819 
155, 3.500000,  1.68697 
156, 3.500000,  1.69205 
157, 3.500000,  1.69713 
158, 3.500000,  1.70221 
159, 3.500000,  1.70729 
160, 3.500000,  1.71236 
161, 3.500000,  1.71744 
162, 3.500000,  1.72252 
163, 3.500000,  1.7276 
164, 3.500000,  1.73268 
165, 3.500000,  1.73775 
166, 3.500000,  1.74283 
167, 3.500000,  1.74791 
168, 3.500000,  1.75299 
169, 3.500000,  1.75807 
170, 3.500000,  1.76315 
171, 3.500000,  1.76822 
172, 3.500000,  1.7733 
173, 3.500000,  1.77838 
174, 3.500000,  1.78346 
175, 3.500000,  1.78854 
176, 3.500000,  1.79361 
177, 3.500000,  1.79869 
178, 3.500000,  1.80377 
179, 3.500000,  1.80885 
180, 3.500000,  1.81393 
181, 3.500000,  1.819 
182, 3.500000,  1.82408 
183, 3.500000,  1.82916 
184, 3.500000,  1.83424 
185, 3.500000,  1.83932 
186, 3.500000,  1.8444 
187, 3.500000,  1.84947 
188, 3.500000,  1.85455 
189, 3.500000,  1.85963 
190, 3.500000,  1.86471 
191, 3.500000,  1.86979 
192, 3.500000,  1.87486 
193, 3.500000,  1.87994 
194, 3.500000,  1.88502 
195, 3.500000,  1.8901 
196, 3.500000,  1.89518 
197, 3.500000,  1.90025 
198, 3.500000,  1.90533 
199, 3.500000,  1.91041 
200, 3.500000,  1.91549 
201, 3.500000,  1.92057 
202, 3.500000,  1.92565 
203, 3.500000,  1.93072 
204, 3.500000,  1.9358 
205, 3.500000,  1.94088 
206, 3.500000,  1.94596 
207, 3.500000,  1.95104 
208, 3.500000,  1.95611 
209, 3.500000,  1.96119 
210, 3.500000,  1.96627 
211, 3.500000,  1.97135 
212, 3.500000,  1.97643 
213, 3.500000,  1.9815 
214, 3.500000,  1.98658 
215, 3.500000,  1.99166 
216, 3.500000,  1.99674 
217, 3.500000,  2.00182 
218, 3.500000,  2.0069 
219, 3.500000,  2.01197 
220, 3.500000,  2.01705 
221, 3.500000,  2.02213 
222, 3.500000,  2.02721 
223, 3.500000,  2.03229 
224, 3.500000,  2.03736 
225, 3.500000,  2.04244 
226, 3.500000,  2.04752 
227, 3.500000,  2.0526 
228, 3.500000,  2.05768 
229, 3.500000,  2.06275 
230, 3.500000,  2.06783 
231, 3.500000,  2.07291 
232, 3.500000,  2.07799 
233, 3.500000,  2.08307 
234, 3.500000,  2.08815 
235, 3.500000,  2.09322 
236, 3.500000,  2.0983 
237, 3.500000,  2.10338 
238, 3.500000,  2.10846 
239, 3.500000,  2.11354 
240, 3.500000,  2.11861 
241, 3.500000,  2.12369 
242, 3.500000,  2.12877 
243, 3.500000,  2.13385 
244, 3.500000,  2.13893 
245, 3.500000,  2.144 
246, 3.500000,  2.14908 
247, 3.500000,  2.15416 
248, 3.500000,  2.15924 
249, 3.500000,  2.16432 
250, 3.500000,  2.1694 
251, 3.500000,  2.17447 
252, 3.500000,  2.17955 
253, 3.500000,  2.18463 
254, 3.500000,  2.18971 
255, 3.500000,  2.19479 
256, 3.500000,  2.19986 
257, 3.500000,  2.20494 
258, 3.500000,  2.21002 
259, 3.500000,  2.2151 
260, 3.500000,  2.22018 
261, 3.500000,  2.22525 
262, 3.500000,  2.23033 
263, 3.500000,  2.23541 
264, 3.500000,  2.24049 
265, 3.500000,  2.24557 
266, 3.500000,  2.25065 
267, 3.500000,  2.25572 
268, 3.500000,  2.2608 
269, 3.500000,  2.26588 
270, 3.500000,  2.27096 
271, 3.500000,  2.27604 
272, 3.500000,  2.28111 
273, 3.500000,  2.28619 
274, 3.500000,  2.29127 
275, 3.500000,  2.29635 
276, 3.500000,  2.30143 
277, 3.500000,  2.3065 
278, 3.500000,  2.31158 
279, 3.500000,  2.31666 
280, 3.500000,  2.32174 
281, 3.500000,  2.32682 
282, 3.500000,  2.3319 
283, 3.500000,  2.33697 
284, 3.500000,  2.34205 
285, 3.500000,  2.34713 
286, 3.500000,  2.35221 
287, 3.500000,  2.35729 
288, 3.500000,  2.36236 
289, 3.500000,  2.36744 
290, 3.500000,  2.37252 
291, 3.500000,  2.3776 
292, 3.500000,  2.38268 
293, 3.500000,  2.38775 
294, 3.500000,  2.39283 
295, 3.500000,  2.39791 
296, 3.500000,  2.40299 
297, 3.500000,  2.40807 
298, 3.500000,  2.41315 
299, 3.500000,  2.41822 
300, 3.500000,  2.4233 
301, 3.500000,  2.42838 
302, 3.500000,  2.43346 
303, 3.500000,  2.43854 
304, 3.500000,  2.44361 
305, 3.500000,  2.44869 
306, 3.500000,  2.45377 
307, 3.500000,  2.45885 
308, 3.500000,  2.46393 
309, 3.500000,  2.469 
310, 3.500000,  2.47408 
311, 3.500000,  2.47916 
312, 3.500000,  2.48424 
313, 3.500000,  2.48932 
314, 3.500000,  2.4944 
315, 3.500000,  2.49947 
316, 3.500000,  2.50455 
317, 3.500000,  2.50963 
318, 3.500000,  2.51471 
319, 3.500000,  2.51979 
320, 3.500000,  2.52486 
321, 3.500000,  2.52994 
322, 3.500000,  2.53502 
323, 3.500000,  2.5401 
324, 3.500000,  2.54518 
325, 3.500000,  2.55025 
326, 3.500000,  2.55533 
327, 3.500000,  2.56041 
328, 3.500000,  2.56549 
329, 3.500000,  2.57057 
330, 3.500000,  2.57565 
331, 3.500000,  2.58072 
332, 3.500000,  2.5858 
333, 3.500000,  2.59088 
334, 3.500000,  2.59596 
335, 3.500000,  2.60104 
336, 3.500000,  2.60611 
337, 3.500000,  2.61119 
338, 3.500000,  2.61627 
339, 3.500000,  2.62135 
340, 3.500000,  2.62643 
341, 3.500000,  2.6315 
342, 3.500000,  2.63658 
343, 3.500000,  2.64166 
344, 3.500000,  2.64674 
345, 3.500000,  2.65182 
346, 3.500000,  2.6569 
347, 3.500000,  2.66197 
348, 3.500000,  2.66705 
349, 3.500000,  2.67213 
350, 3.500000,  2.67721 
351, 3.500000,  2.68229 
352, 3.500000,  2.68736 
353, 3.500000,  2.69244 
354, 3.500000,  2.69752 
355, 3.500000,  2.7026 
356, 3.500000,  2.70768 
357, 3.500000,  2.71275 
358, 3.500000,  2.71783 
359, 3.500000,  2.72291 
360, 3.500000,  2.72799 
361, 3.500000,  2.73307 
362, 3.500000,  2.73815 
363, 3.500000,  2.74322 
364, 3.500000,  2.7483 
365, 3.500000,  2.75338 
366, 3.500000,  2.75846 
367, 3.500000,  2.76354 
368, 3.500000,  2.76861 
369, 3.500000,  2.77369 
370, 3.500000,  2.77877 
371, 3.500000,  2.78385 
372, 3.500000,  2.78893 
373, 3.500000,  2.794 
374, 3.500000,  2.79908 
375, 3.500000,  2.80416 
376, 3.500000,  2.80924 
377, 3.500000,  2.81432 
378, 3.500000,  2.8194 
379, 3.500000,  2.82447 
380, 3.500000,  2.82955 
381, 3.500000,  2.83463 
382, 3.500000,  2.83971 
383, 3.500000,  2.84479 
384, 3.500000,  2.84986 
385, 3.500000,  2.85494 
386, 3.500000,  2.86002 
387, 3.500000,  2.8651 
388, 3.500000,  2.87018 
389, 3.500000,  2.87525 
390, 3.500000,  2.88033 
391, 3.500000,  2.88541 
392, 3.500000,  2.89049 
393, 3.500000,  2.89557 
394, 3.500000,  2.90065 
395, 3.500000,  2.90572 
396, 3.500000,  2.9108 
397, 3.500000,  2.91588 
398, 3.500000,  2.92096 
399, 3.500000,  2.92604 
400, 3.500000,  2.93111 
401, 3.500000,  2.93619 
402, 3.500000,  2.94127 
403, 3.500000,  2.94635 
404, 3.500000,  2.95143 
405, 3.500000,  2.9565 
406, 3.500000,  2.96158 
407, 3.500000,  2.96666 
408, 3.500000,  2.97174 
409, 3.500000,  2.97682 
410, 3.500000,  2.9819 
411, 3.500000,  2.98697 
412, 3.500000,  2.99205 
413, 3.500000,  2.99713 
414, 3.500000,  3.00221 
415, 3.500000,  3.00729 
416, 3.500000,  3.01236 
417, 3.500000,  3.01744 
418, 3.500000,  3.02252 
419, 3.500000,  3.0276 
420, 3.500000,  3.03268 
421, 3.500000,  3.03775 
422, 3.500000,  3.04283 
423, 3.500000,  3.04791 
424, 3.500000,  3.05299 
425, 3.500000,  3.05807 
426, 3.500000,  3.06315 
427, 3.500000,  3.06822 
428, 3.500000,  3.0733 
429, 3.500000,  3.07838 
430, 3.500000,  3.08346 
431, 3.500000,  3.08854 
432, 3.500000,  3.09361 
433, 3.500000,  3.09869 
434, 3.500000,  3.10377 
435, 3.500000,  3.10885 
436, 3.500000,  3.11393 
437, 3.500000,  3.119 
438, 3.500000,  3.12408 
439, 3.500000,  3.12916 
440, 3.500000,  3.13424 
441, 3.500000,  3.13932 
442, 3.500000,  3.1444 
443, 3.500000,  3.14947 
444, 3.500000,  3.15455 
445, 3.500000,  3.15963 
446, 3.500000,  3.16471 
447, 3.500000,  3.16979 
448, 3.500000,  3.17486 
449, 3.500000,  3.17994 
450, 3.500000,  3.18502 
451, 3.500000,  3.1901 
452, 3.500000,  3.19518 
453, 3.500000,  3.20025 
454, 3.500000,  3.20533 
455, 3.500000,  3.21041 
456, 3.500000,  3.21549 
457, 3.500000,  3.22057 
458, 3.500000,  3.22565 
459, 3.500000,  3.23072 
460, 3.500000,  3.2358 
461, 3.500000,  3.24088 
462, 3.500000,  3.24596 
463, 3.500000,  3.25104 
464, 3.500000,  3.25611 
465, 3.500000,  3.26119 
466, 3.500000,  3.26627 
467, 3.500000,  3.27135 
468, 3.500000,  3.27643 
469, 3.500000,  3.2815 
470, 3.500000,  3.28658 
471, 3.500000,  3.29166 
472, 3.500000,  3.29674 
473, 3.500000,  3.30182 
474, 3.500000,  3.3069 
475, 3.500000,  3.31197 
476, 3.500000,  3.31705 
477, 3.500000,  3.32213 
478, 3.500000,  3.32721 
479, 3.500000,  3.33229 
480, 3.500000,  3.33736 
481, 3.500000,  3.34244 
482, 3.500000,  3.34752 
483, 3.500000,  3.3526 
484, 3.500000,  3.35768 
485, 3.500000,  3.36275 
486, 3.500000,  3.36783 
487, 3.500000,  3.37291 
488, 3.500000,  3.37799 
489, 3.500000,  3.38307 
490, 3.500000,  3.38815 
491, 3.500000,  3.39322 
492, 3.500000,  3.3983 
493, 3.500000,  3.40338 
494, 3.500000,  3.40846 
495, 3.500000,  3.41354 
496, 3.500000,  3.41861 
497, 3.500000,  3.42369 
498, 3.500000,  3.42877 
499, 3.500000,  3.43385 
500, 3.500000,  3.43893 
501, 3.500000,  3.444 
502, 3.500000,  3.44908 
503, 3.500000,  3.45416 
504, 3.500000,  3.45924 
505, 3.500000,  3.46432 
506, 3.500000,  3.4694 
507, 3.500000,  3.47447 
508, 3.500000,  3.47955 
509, 3.500000,  3.48463 
510, 3.500000,  3.48971 
511, 3.500000,  3.49479 
512, 3.500000,  3.49986 
513, 3.500000,  3.5 
514, 3.500000,  3.5 
515, 3.500000,  3.5 
516, 3.500000,  3.5 
517, 3.500000,  3.5 
518, 3.500000,  3.5 
